generazioni: 70000
Initial distance: 4527.457590241594
Durata: 6 min, 38 sec

Finished
Final distance: 842.4351225443706
Solution:
[0,9,10,29,11,30,12,13,14,33,15,16,35,75,57,17,36,18,37,19,59,38,60,79,81,80,82,61,43,83,62,84,63,85,45,64,46,86,65,87,47,66,48,88,67,89,68,49,20,39,1,40,21,3,22,44,23,4,5,24,6,25,7,26,8,27,28,50,90,69,91,51,70,92,52,31,71,93,72,53,32,54,94,73,95,74,55,34,56,96,97,76,58,98,77,99,78,100,41,42,2]


Initial distance: 4487.2140668856755
Durata: 6 min, 35 sec

Finished
Final distance: 808.8239729592834
Solution:
[0,5,25,7,8,27,9,29,51,52,71,93,53,72,94,73,54,33,15,34,16,35,17,36,18,37,19,20,39,1,41,40,2,21,42,61,43,83,62,44,84,63,85,64,86,65,87,66,47,26,48,88,67,49,89,68,90,69,91,70,92,30,50,28,10,11,12,31,13,32,14,55,95,74,56,96,75,97,57,76,58,98,77,99,78,59,38,60,100,79,81,80,82,3,22,4,23,45,24,46,6]





!!!!!!!!!!!!!!

generazioni: 200000

Initial distance: 1887.0244250587814
Durata: 5 min, 33 sec

Finished
Final distance: 391.0360640772384
Solution:
[0,9,27,49,28,10,50,29,11,30,12,31,13,32,14,33,15,34,16,35,17,36,18,37,19,38,20,39,1,41,40,2,42,21,3,43,22,44,4,23,45,5,24,6,46,25,47,7,26,48,8]

Initial distance: 1897.3139080188373
Durata: 5 min, 25 sec

Finished
Final distance: 397.50607563265186
Solution:
[0,7,47,48,27,49,9,28,10,50,29,11,30,12,31,13,32,14,33,15,34,16,35,17,36,18,37,19,38,20,39,1,41,40,2,42,21,3,43,22,44,4,23,45,5,24,6,46,25,26,8]